Gene	Z-score	Effect	P-value	var_g	pred_perf_r2	pred_perf_pval	N_SNPs_used	Tissue	GIS
ABCB9	7.935	0.064	2.10E-15	0.175	0.235	2.05E-09	24	Liver	0.273774803880471
ABCB9	6.893	0.164	5.47E-12	0.023	0.059	4.80E-07	24	Muscle_Skeletal	0.273774803880471
ABHD16A	5.630	0.086	1.80E-08	0.042	0.043	2.03E-02	33	Liver	0.0863520348747341
ACE	-5.786	-0.114	7.22E-09	0.025	0.046	8.77E-05	11	Adipose_Subcutaneous	1.64022926355004
ACE	-6.851	-0.287	7.31E-12	0.007	0.041	9.01E-04	5	Adipose_Visceral_Omentum	1.64022926355004
ACE	7.349	0.130	1.99E-13	0.032	0.128	1.42E-05	3	Liver	1.64022926355004
ADCY5	5.216	0.118	1.82E-07	0.025	0.026	9.55E-04	22	Muscle_Skeletal	0.578577348476916
AGAP5	5.341	0.059	9.26E-08	0.091	0.114	7.73E-05	24	Liver	0.0636591989241288
AGPAT1	-6.762	-0.051	1.36E-11	0.188	0.367	8.03E-15	27	Liver	0.206674841442258
AKTIP	-6.726	-0.285	1.75E-11	0.006	0.024	5.08E-03	16	Adipose_Subcutaneous	0.407747610509958
ALKBH5	5.462	0.042	4.70E-08	0.179	0.245	5.54E-28	28	Muscle_Skeletal	0.271902249943195
ANK1	-14.034	-0.333	9.63E-45	0.021	0.038	3.68E-04	16	Adipose_Subcutaneous	1.5940890608711
ANK1	-15.465	-0.267	6.02E-54	0.039	0.078	6.46E-09	12	Muscle_Skeletal	1.5940890608711
ANKLE2	-6.011	-0.090	1.85E-09	0.050	0.076	2.17E-04	25	Pancreas	0.196356594121291
AP3S2	-11.031	-0.054	2.70E-28	0.457	0.505	7.96E-58	32	Adipose_Subcutaneous	0.0783047676727058
AP3S2	-10.633	-0.053	2.10E-26	0.448	0.528	8.23E-50	37	Adipose_Visceral_Omentum	0.0783047676727058
AP3S2	-10.296	-0.070	7.37E-25	0.283	0.420	1.26E-18	18	Liver	0.0783047676727058
AP3S2	-10.899	-0.220	1.16E-27	0.025	0.055	8.28E-07	6	Muscle_Skeletal	0.0783047676727058
AP3S2	-10.429	-0.063	1.82E-25	0.341	0.491	4.09E-29	17	Pancreas	0.0783047676727058
APIP	5.269	0.026	1.37E-07	0.427	0.546	4.06E-67	72	Adipose_Subcutaneous	0.312213860008382
ARFRP1	-6.619	-0.116	3.61E-11	0.033	0.065	7.16E-04	17	Pancreas	0.274470882034225
ARHGAP19	5.829	0.099	5.58E-09	0.038	0.081	2.25E-07	27	Adipose_Subcutaneous	0.176252279706612
ARHGAP19	6.058	0.115	1.38E-09	0.029	0.062	3.26E-05	16	Adipose_Visceral_Omentum	0.176252279706612
ARHGAP19	6.486	0.195	8.82E-11	0.012	0.025	1.30E-03	17	Muscle_Skeletal	0.176252279706612
ARHGDIG	6.133	0.070	8.60E-10	0.117	0.156	2.68E-17	27	Muscle_Skeletal	0.250154658624633
ARL6IP4	-5.782	-0.083	7.37E-09	0.053	0.092	3.77E-07	38	Adipose_Visceral_Omentum	0.101774945640703
ARL6IP4	-6.974	-0.072	3.07E-12	0.100	0.078	1.81E-04	33	Pancreas	0.101774945640703
ASH1L	-5.596	-0.081	2.19E-08	0.046	0.074	5.81E-06	12	Adipose_Visceral_Omentum	0.981108305575625
ATF6B	-6.317	-0.061	2.67E-10	0.129	0.196	3.53E-17	36	Adipose_Subcutaneous	0.826676786450278
ATF6B	-6.069	-0.102	1.29E-09	0.043	0.077	2.62E-06	6	Adipose_Visceral_Omentum	0.826676786450278
ATF6B	-5.915	-0.062	3.33E-09	0.083	0.206	4.30E-08	19	Liver	0.826676786450278
ATF6B	-6.631	-0.063	3.35E-11	0.118	0.248	2.42E-28	17	Muscle_Skeletal	0.826676786450278
ATF6B	-7.813	-0.058	5.57E-15	0.197	0.179	1.33E-09	37	Pancreas	0.826676786450278
ATP13A1	-7.944	-0.115	1.96E-15	0.053	0.119	1.41E-10	11	Adipose_Subcutaneous	0.244529087247531
ATP2A3	-6.535	-0.372	6.36E-11	0.005	0.020	4.00E-03	6	Muscle_Skeletal	1.74990199582186
BCL11A	-5.321	-0.127	1.03E-07	0.019	0.031	2.10E-02	14	Pancreas	0.445271444904332
BECN1	-5.659	-0.170	1.52E-08	0.018	0.023	4.73E-02	9	Pancreas	1.59547692189561
BHLHE41	-6.549	-0.122	5.81E-11	0.030	0.040	8.98E-03	20	Pancreas	1.65640729653457
BMP8A	-8.608	-0.322	7.42E-18	0.011	0.023	6.65E-03	12	Adipose_Subcutaneous	0.64232695264626
BRD3	5.437	0.082	5.43E-08	0.050	0.082	1.07E-07	27	Adipose_Subcutaneous	0.137916993519002
C1QTNF4	6.475	0.037	9.45E-11	0.283	0.396	2.18E-40	12	Adipose_Subcutaneous	0.322081100655275
C1QTNF4	5.691	0.052	1.26E-08	0.120	0.180	1.48E-13	15	Adipose_Visceral_Omentum	0.322081100655275
C1QTNF4	6.448	0.047	1.13E-10	0.188	0.220	8.27E-25	18	Muscle_Skeletal	0.322081100655275
C2	-10.046	-0.194	9.60E-24	0.028	0.020	1.05E-02	22	Adipose_Subcutaneous	0.258307063793605
CACNA1A	6.352	0.907	2.12E-10	0.001	0.015	4.66E-02	1	Adipose_Visceral_Omentum	0.394502375961154
CAD	-5.311	-0.049	1.09E-07	0.135	0.270	6.67E-14	21	Pancreas	1.10666851116079
CALR	-6.626	-0.173	3.46E-11	0.026	0.036	5.29E-04	8	Adipose_Subcutaneous	2.36483969958577
CALR	-5.271	-0.065	1.36E-07	0.101	0.074	2.86E-04	37	Pancreas	2.36483969958577
CAP1	9.064	0.165	1.26E-19	0.030	0.093	5.86E-04	18	Liver	0.372658314944503
CCDC92	6.314	0.063	2.73E-10	0.135	0.185	1.07E-16	26	Adipose_Subcutaneous	0.129399863233561
CCDC92	8.018	0.057	1.07E-15	0.209	0.246	1.92E-18	46	Adipose_Visceral_Omentum	0.129399863233561
CCDC92	7.199	0.205	6.08E-13	0.013	0.026	3.21E-02	12	Pancreas	0.129399863233561
CCHCR1	8.351	0.049	6.78E-17	0.308	0.318	2.24E-38	77	Muscle_Skeletal	0.092749985273808
CCNE2	7.779	0.111	7.34E-15	0.054	0.116	9.44E-09	16	Adipose_Visceral_Omentum	0.422979509857928
CDHR4	-5.361	-0.103	8.27E-08	0.028	0.015	1.19E-02	17	Muscle_Skeletal	0.0775256362536191
CDK2AP1	-6.936	-0.046	4.04E-12	0.255	0.278	9.79E-26	63	Adipose_Subcutaneous	0.205932401657996
CDK2AP1	-6.961	-0.062	3.37E-12	0.135	0.210	8.45E-16	22	Adipose_Visceral_Omentum	0.205932401657996
CDK2AP1	-7.353	-0.121	1.94E-13	0.043	0.069	2.77E-03	28	Liver	0.205932401657996
CDK2AP1	-6.572	-0.043	4.96E-11	0.244	0.329	1.38E-17	34	Pancreas	0.205932401657996
CDKN2C	-7.529	-0.218	5.10E-14	0.011	0.027	8.70E-04	4	Muscle_Skeletal	0.496858020950712
CENPW	8.655	0.219	4.94E-18	0.021	0.047	6.54E-05	8	Adipose_Subcutaneous	0.303527570061325
CEP68	-9.829	-0.081	8.42E-23	0.170	0.226	4.30E-20	20	Adipose_Subcutaneous	0.190469638225451
CEP68	-9.993	-0.094	1.63E-23	0.121	0.185	3.18E-14	15	Adipose_Visceral_Omentum	0.190469638225451
CEP68	-7.229	-0.071	4.85E-13	0.125	0.135	1.30E-05	42	Liver	0.190469638225451
CEP68	-10.103	-0.094	5.38E-24	0.121	0.202	7.08E-23	12	Muscle_Skeletal	0.190469638225451
CEP68	-9.339	-0.067	9.76E-21	0.214	0.094	3.72E-05	86	Pancreas	0.190469638225451
CFDP1	6.565	0.095	5.19E-11	0.054	0.132	4.72E-10	12	Adipose_Visceral_Omentum	0.0973355722608723
CHN2	-5.579	-0.075	2.42E-08	0.065	0.067	1.43E-05	39	Adipose_Visceral_Omentum	0.220692878393686
CISD2	-7.043	-0.089	1.88E-12	0.070	0.108	8.41E-10	33	Adipose_Subcutaneous	0.213901253495271
CISD2	-8.176	-0.244	2.94E-16	0.013	0.036	1.89E-03	14	Adipose_Visceral_Omentum	0.213901253495271
CLDN23	-5.714	-0.208	1.11E-08	0.008	0.013	1.92E-02	14	Muscle_Skeletal	0.121229546450871
CLEC18A	5.258	0.038	1.46E-07	0.257	0.407	1.23E-16	34	Liver	0.0899553453012654
CLEC18A	5.597	0.019	2.19E-08	0.366	0.465	3.20E-27	41	Pancreas	0.0899553453012654
CLUAP1	-5.361	-0.039	8.27E-08	0.268	0.386	2.21E-38	17	Adipose_Subcutaneous	0.101156745208308
CLUAP1	-5.735	-0.044	9.78E-09	0.223	0.336	1.19E-26	18	Adipose_Visceral_Omentum	0.101156745208308
CLUAP1	-6.148	-0.049	7.86E-10	0.192	0.338	2.44E-41	7	Muscle_Skeletal	0.101156745208308
CNTNAP1	-5.927	-0.115	3.09E-09	0.031	0.065	2.22E-05	18	Adipose_Visceral_Omentum	0.296696579147088
CNTNAP1	-5.485	-0.029	4.14E-08	0.366	0.503	3.32E-30	30	Pancreas	0.296696579147088
COBLL1	7.759	0.196	8.58E-15	0.014	0.025	4.32E-03	16	Adipose_Subcutaneous	0.04242290625786
COMMD5	-5.445	-0.159	5.19E-08	0.015	0.023	1.71E-03	5	Muscle_Skeletal	0.0746908714802952
CTSW	6.491	0.048	8.53E-11	0.209	0.276	6.14E-26	12	Adipose_Subcutaneous	0.162762782364515
CTSW	6.601	0.041	4.09E-11	0.283	0.357	1.35E-29	21	Adipose_Visceral_Omentum	0.162762782364515
CTSW	6.272	0.047	3.57E-10	0.174	0.257	2.74E-10	23	Liver	0.162762782364515
CTSW	6.638	0.053	3.19E-11	0.223	0.309	3.07E-16	23	Pancreas	0.162762782364515
CWF19L1	5.918	0.043	3.26E-09	0.191	0.307	1.14E-12	10	Liver	0.0442830133862874
CYP21A2	-5.957	-0.044	2.56E-09	0.188	0.189	1.34E-16	83	Adipose_Subcutaneous	0.0849026407041877
CYP21A2	-5.728	-0.064	1.02E-08	0.092	0.143	1.05E-05	20	Liver	0.0849026407041877
CYTH1	-5.613	-0.049	1.99E-08	0.150	0.205	1.06E-23	32	Muscle_Skeletal	0.213444806731437
DCAF16	6.109	0.097	1.01E-09	0.041	0.082	1.64E-06	14	Adipose_Visceral_Omentum	0.0450798142758114
DCAF16	6.771	0.108	1.28E-11	0.038	0.109	4.64E-06	4	Pancreas	0.0450798142758114
DDAH2	7.218	0.168	5.27E-13	0.016	0.110	1.08E-04	2	Liver	0.746281944083369
DDX42	-5.621	-0.036	1.90E-08	0.270	0.344	1.99E-18	47	Pancreas	0.253776108801599
DENND1A	-5.697	-0.111	1.22E-08	0.028	0.066	1.31E-05	13	Adipose_Visceral_Omentum	0.239023478014302
DHX16	-5.296	-0.064	1.19E-07	0.084	0.036	2.46E-02	45	Liver	0.170076236622704
DMGDH	7.533	0.296	4.96E-14	0.007	0.017	1.88E-02	22	Adipose_Subcutaneous	0.588348625199377
DMWD	6.832	0.093	8.39E-12	0.062	0.067	1.39E-05	27	Adipose_Visceral_Omentum	0.0647120052233116
DMWD	5.629	0.063	1.81E-08	0.098	0.112	6.07E-06	36	Pancreas	0.0647120052233116
DNAH10	5.304	0.071	1.13E-07	0.083	0.128	1.70E-09	18	Adipose_Visceral_Omentum	0.044383465164053
DNASE2	6.216	0.041	5.09E-10	0.220	0.316	1.37E-37	9	Muscle_Skeletal	0.150199484105129
DNLZ	-7.051	-0.039	1.78E-12	0.373	0.392	4.11E-40	65	Adipose_Subcutaneous	0.165696879246062
DNLZ	-7.763	-0.043	8.30E-15	0.354	0.426	3.60E-36	54	Adipose_Visceral_Omentum	0.165696879246062
DNLZ	-8.315	-0.040	9.15E-17	0.486	0.543	1.20E-84	65	Muscle_Skeletal	0.165696879246062
DOC2A	6.409	0.093	1.47E-10	0.048	0.037	1.11E-02	37	Pancreas	0.170236801913491
DSTYK	6.707	0.247	1.98E-11	0.007	0.031	3.50E-03	2	Adipose_Visceral_Omentum	0.390118066938808
DXO	-7.439	-0.073	1.02E-13	0.109	0.155	2.68E-06	33	Liver	0.173103492187274
EHHADH	5.514	0.111	3.50E-08	0.028	0.030	4.35E-04	20	Muscle_Skeletal	0.515863415086375
EIF3C	-6.008	-0.074	1.88E-09	0.066	0.118	1.70E-06	27	Pancreas	0.194412469583174
EIF3CL	-5.904	-0.200	3.55E-09	0.012	0.031	2.98E-04	21	Muscle_Skeletal	0.140558587011029
EIF3M	6.771	0.245	1.28E-11	0.007	0.015	4.52E-02	3	Adipose_Visceral_Omentum	0.158675212789477
ERI1	5.848	0.074	4.97E-09	0.062	0.106	6.87E-06	15	Pancreas	0.0864226912302724
FADS1	-5.210	-0.055	1.89E-07	0.097	0.140	2.04E-15	30	Muscle_Skeletal	0.413623591162321
FADS1	-5.334	-0.031	9.60E-08	0.319	0.419	3.73E-23	46	Pancreas	0.413623591162321
FAM13A	-5.295	-0.070	1.19E-07	0.057	0.062	5.33E-06	29	Adipose_Subcutaneous	0.0818319217112956
FAM180B	6.573	0.166	4.94E-11	0.019	0.038	3.21E-04	6	Adipose_Subcutaneous	0.0357949712915589
FARSA	9.157	0.181	5.36E-20	0.026	0.078	2.38E-07	6	Adipose_Subcutaneous	0.098422665141279
FARSA	9.745	0.094	1.94E-22	0.116	0.145	3.56E-16	37	Muscle_Skeletal	0.098422665141279
FARSA	7.859	0.105	3.87E-15	0.065	0.106	9.44E-06	20	Pancreas	0.098422665141279
FBXL22	6.178	0.140	6.48E-10	0.029	0.072	2.01E-08	13	Muscle_Skeletal	0.205715513786267
FBXO17	-5.489	-0.061	4.04E-08	0.092	0.147	6.69E-13	38	Adipose_Subcutaneous	0.106376527102153
FCGR1A	5.320	0.098	1.03E-07	0.038	0.053	1.52E-04	11	Adipose_Visceral_Omentum	0.294176054263562
FDPS	-6.302	-0.100	2.94E-10	0.046	0.040	3.22E-04	22	Adipose_Subcutaneous	0.126948393611772
FDPS	-5.434	-0.125	5.50E-08	0.020	0.045	4.49E-04	11	Adipose_Visceral_Omentum	0.126948393611772
FIBP	-6.371	-0.167	1.88E-10	0.016	0.036	6.52E-04	17	Adipose_Subcutaneous	0.205379354799585
FIBP	-6.071	-0.075	1.27E-09	0.067	0.090	5.09E-07	27	Adipose_Visceral_Omentum	0.205379354799585
FIBP	-6.262	-0.048	3.79E-10	0.189	0.269	2.36E-31	21	Muscle_Skeletal	0.205379354799585
FNBP4	-6.063	-0.075	1.33E-09	0.063	0.087	5.81E-10	25	Muscle_Skeletal	0.0296424096545753
FOCAD	5.218	0.057	1.81E-07	0.099	0.032	2.50E-04	82	Muscle_Skeletal	0.0380227247463455
FSD2	5.276	0.076	1.32E-07	0.057	0.080	1.32E-03	16	Liver	0.15091903135098
FTO	-13.025	-0.164	8.77E-39	0.079	0.087	8.03E-10	52	Muscle_Skeletal	0.53481942251636
GCDH	6.841	0.115	7.87E-12	0.057	0.114	1.60E-10	4	Adipose_Subcutaneous	0.0356355226938097
GCDH	7.992	0.376	1.33E-15	0.005	0.027	7.61E-03	1	Adipose_Visceral_Omentum	0.0356355226938097
GCDH	-8.290	-0.270	1.14E-16	0.010	0.032	4.46E-02	3	Liver	0.0356355226938097
GCDH	7.070	0.078	1.55E-12	0.096	0.124	9.76E-14	41	Muscle_Skeletal	0.0356355226938097
GCDH	9.760	0.149	1.67E-22	0.049	0.104	2.66E-06	8	Pancreas	0.0356355226938097
GGNBP2	5.279	0.053	1.30E-07	0.133	0.145	2.11E-07	28	Pancreas	0.400321724090637
GIN1	-6.101	-0.098	1.05E-09	0.037	0.053	1.70E-06	27	Muscle_Skeletal	0.00925925925925926
GIPR	5.483	0.054	4.18E-08	0.116	0.031	2.12E-02	61	Pancreas	0.933558610787493
GOPC	6.436	0.094	1.23E-10	0.046	0.058	1.15E-05	23	Adipose_Subcutaneous	0.334823419953847
GPN1	7.235	0.101	4.67E-13	0.055	0.062	2.39E-07	27	Muscle_Skeletal	0.0904813733461841
GPSM1	-8.439	-0.158	3.20E-17	0.033	0.030	3.07E-04	21	Muscle_Skeletal	0.323189708004678
GRB14	-7.264	-0.091	3.76E-13	0.073	0.050	5.64E-05	28	Adipose_Subcutaneous	0.432240816821957
HAUS6	5.846	0.119	5.04E-09	0.025	0.077	3.20E-07	5	Adipose_Subcutaneous	0.11035392137486
HAUS6	6.265	0.120	3.72E-10	0.029	0.072	5.30E-06	14	Adipose_Visceral_Omentum	0.11035392137486
HERC1	-5.950	-0.111	2.68E-09	0.036	0.045	1.21E-04	33	Adipose_Subcutaneous	0.290734436511312
HERC1	-6.107	-0.081	1.01E-09	0.071	0.097	1.59E-07	40	Adipose_Visceral_Omentum	0.290734436511312
HHEX	6.125	0.156	9.07E-10	0.028	0.015	2.81E-02	36	Adipose_Subcutaneous	1.86470476165542
HLA-B	-6.135	-0.140	8.52E-10	0.024	0.055	1.23E-06	20	Muscle_Skeletal	1.10742601994309
HLA-B	-5.914	-0.041	3.34E-09	0.268	0.226	2.67E-12	61	Pancreas	1.10742601994309
HLA-DQA1	6.735	0.104	1.64E-11	0.080	0.140	2.65E-12	18	Adipose_Subcutaneous	0.336317208313487
HLA-DQA1	5.561	0.059	2.68E-08	0.151	0.197	1.07E-14	26	Adipose_Visceral_Omentum	0.336317208313487
HLA-DQA1	5.512	0.060	3.55E-08	0.176	0.247	2.10E-28	38	Muscle_Skeletal	0.336317208313487
HLA-DQA2	-9.402	-0.051	5.38E-21	0.494	0.635	3.10E-83	31	Adipose_Subcutaneous	0.292874872693276
HLA-DQA2	-8.153	-0.045	3.54E-16	0.553	0.636	2.46E-70	72	Adipose_Visceral_Omentum	0.292874872693276
HLA-DQA2	-7.729	-0.041	1.08E-14	0.428	0.474	3.86E-21	67	Liver	0.292874872693276
HLA-DQA2	-8.816	-0.045	1.19E-18	0.547	0.631	1.13E-106	70	Muscle_Skeletal	0.292874872693276
HLA-DQA2	-9.036	-0.063	1.63E-19	0.309	0.425	3.15E-24	23	Pancreas	0.292874872693276
HLA-DQB1	6.560	0.039	5.40E-11	0.416	0.556	2.99E-66	40	Adipose_Subcutaneous	0.386809879824757
HLA-DQB1	6.934	0.040	4.09E-12	0.439	0.572	2.55E-57	56	Adipose_Visceral_Omentum	0.386809879824757
HLA-DQB1	5.238	0.031	1.62E-07	0.556	0.630	8.82E-107	66	Muscle_Skeletal	0.386809879824757
HLA-DQB1	6.130	0.036	8.77E-10	0.470	0.661	2.18E-49	44	Pancreas	0.386809879824757
HLA-DQB2	-5.677	-0.031	1.37E-08	0.456	0.567	3.45E-68	37	Adipose_Subcutaneous	0.256655930765555
HLA-DQB2	-5.757	-0.030	8.56E-09	0.499	0.563	6.66E-56	86	Adipose_Visceral_Omentum	0.256655930765555
HLA-DQB2	-6.340	-0.052	2.30E-10	0.184	0.306	6.93E-12	45	Liver	0.256655930765555
HLA-DQB2	-6.228	-0.034	4.72E-10	0.473	0.565	3.70E-37	43	Pancreas	0.256655930765555
HLA-DRA	-6.926	-0.094	4.33E-12	0.057	0.123	4.36E-11	14	Adipose_Subcutaneous	0.682550349105425
HLA-DRB1	8.490	0.086	2.07E-17	0.133	0.213	3.41E-19	21	Adipose_Subcutaneous	1.44306701417883
HLA-DRB1	7.466	0.068	8.28E-14	0.172	0.201	3.21E-15	50	Adipose_Visceral_Omentum	1.44306701417883
HLA-DRB1	7.870	0.073	3.54E-15	0.177	0.259	8.08E-31	25	Muscle_Skeletal	1.44306701417883
HLA-DRB1	8.040	0.062	9.01E-16	0.182	0.229	7.72E-12	40	Pancreas	1.44306701417883
HLA-DRB5	6.406	0.027	1.50E-10	0.508	0.611	1.64E-77	37	Adipose_Subcutaneous	0.280666484193478
HLA-DRB5	7.343	0.032	2.09E-13	0.541	0.656	1.78E-73	33	Adipose_Visceral_Omentum	0.280666484193478
HLA-DRB5	7.023	0.022	2.17E-12	0.406	0.513	1.22E-23	53	Liver	0.280666484193478
HLA-DRB5	6.709	0.029	1.95E-11	0.537	0.663	4.24E-117	18	Muscle_Skeletal	0.280666484193478
HLA-DRB5	6.761	0.028	1.37E-11	0.580	0.645	3.93E-47	59	Pancreas	0.280666484193478
HMG20A	-9.543	-0.171	1.38E-21	0.045	0.097	9.79E-09	11	Adipose_Subcutaneous	0.353637252648311
HMG20A	-7.176	-0.136	7.17E-13	0.046	0.102	7.28E-08	15	Adipose_Visceral_Omentum	0.353637252648311
HMGCR	6.526	0.174	6.77E-11	0.014	0.031	3.07E-04	12	Muscle_Skeletal	1.54706053621177
HSD17B1	5.619	0.076	1.92E-08	0.068	0.127	9.87E-07	6	Pancreas	0.526944961921097
HSD17B12	8.239	0.041	1.73E-16	0.408	0.503	6.22E-56	81	Adipose_Subcutaneous	6.50409524922567
HSD17B12	7.429	0.033	1.10E-13	0.521	0.572	9.82E-58	96	Adipose_Visceral_Omentum	6.50409524922567
HSD17B12	7.972	0.072	1.56E-15	0.126	0.216	2.84E-08	48	Liver	6.50409524922567
HSD17B12	8.171	0.045	3.06E-16	0.334	0.430	2.86E-57	62	Muscle_Skeletal	6.50409524922567
HSD17B12	7.300	0.037	2.88E-13	0.405	0.496	8.21E-30	77	Pancreas	6.50409524922567
HSPB9	-5.265	-0.137	1.40E-07	0.018	0.011	3.44E-02	16	Muscle_Skeletal	0.0561253004916752
IMP3	-6.918	-0.186	4.58E-12	0.016	0.035	1.23E-02	11	Pancreas	0.0797384030803385
INO80E	7.332	0.072	2.27E-13	0.101	0.199	5.24E-18	24	Adipose_Subcutaneous	0.112379484522822
INO80E	7.561	0.067	4.00E-14	0.131	0.186	4.54E-14	22	Adipose_Visceral_Omentum	0.112379484522822
INO80E	7.314	0.061	2.60E-13	0.150	0.134	6.62E-07	41	Pancreas	0.112379484522822
INTS8	5.743	0.107	9.33E-09	0.035	0.041	8.86E-04	32	Adipose_Visceral_Omentum	0.0367116134389913
IRS1	17.991	0.182	2.30E-72	0.096	0.106	9.75E-10	34	Adipose_Subcutaneous	3.85941334054232
IRS1	13.630	0.196	2.67E-42	0.053	0.028	6.57E-03	60	Adipose_Visceral_Omentum	3.85941334054232
IRX3	-8.619	-0.066	6.77E-18	0.174	0.106	9.08E-06	60	Pancreas	3.42275138588275
ITGB6	5.945	0.049	2.76E-09	0.279	0.338	1.08E-32	39	Adipose_Subcutaneous	3.60805927075025
ITGB6	6.583	0.058	4.62E-11	0.256	0.402	1.64E-33	9	Adipose_Visceral_Omentum	3.60805927075025
JAZF1	12.676	0.155	7.99E-37	0.075	0.068	1.50E-06	48	Adipose_Subcutaneous	0.34530570130955
JAZF1	13.318	0.159	1.81E-40	0.075	0.095	2.13E-07	36	Adipose_Visceral_Omentum	0.34530570130955
JAZF1	10.038	0.110	1.03E-23	0.089	0.086	8.95E-04	31	Liver	0.34530570130955
JAZF1	17.876	0.277	1.80E-71	0.041	0.092	2.21E-10	13	Muscle_Skeletal	0.34530570130955
JAZF1	14.978	0.136	1.03E-50	0.121	0.186	1.06E-09	46	Pancreas	0.34530570130955
JMJD7	-6.245	-0.045	4.23E-10	0.248	0.270	1.02E-25	47	Adipose_Subcutaneous	0.214343445805697
JMJD7	-5.822	-0.061	5.81E-09	0.102	0.173	5.47E-13	19	Adipose_Visceral_Omentum	0.214343445805697
JMJD7	-5.500	-0.142	3.79E-08	0.015	0.024	1.52E-03	13	Muscle_Skeletal	0.214343445805697
JMJD7	-5.676	-0.066	1.38E-08	0.099	0.099	2.51E-05	25	Pancreas	0.214343445805697
KCNJ11	-7.557	-0.236	4.12E-14	0.011	0.032	2.65E-04	4	Muscle_Skeletal	1.52982507227559
KIFC2	5.474	0.067	4.41E-08	0.076	0.126	1.16E-06	14	Pancreas	0.204764049263464
KLF1	6.601	0.062	4.08E-11	0.112	0.196	3.27E-22	13	Muscle_Skeletal	0.5198376562131
KLF14	8.258	0.180	1.48E-16	0.022	0.069	1.34E-06	14	Adipose_Subcutaneous	0.362155894390044
KLHL42	-12.373	-1.189	3.65E-35	0.001	0.012	2.37E-02	3	Muscle_Skeletal	0.128143118093537
KRTCAP3	-6.267	-0.156	3.69E-10	0.028	0.060	3.44E-07	13	Muscle_Skeletal	0.0237709432736615
LCORL	-5.543	-0.118	2.97E-08	0.021	0.022	7.34E-03	14	Adipose_Subcutaneous	0.0913020906112753
LIME1	5.579	0.126	2.42E-08	0.023	0.034	1.60E-04	21	Muscle_Skeletal	0.479411617935234
LMOD1	5.483	0.050	4.17E-08	0.125	0.182	4.56E-16	16	Adipose_Subcutaneous	0.397091796551685
LONRF1	5.275	0.187	1.33E-07	0.008	0.027	3.04E-03	5	Adipose_Subcutaneous	0.0481818211586815
LTBP3	-7.064	-0.098	1.62E-12	0.054	0.066	3.06E-06	25	Adipose_Subcutaneous	0.490718454965555
LTBP3	-6.655	-0.103	2.83E-11	0.046	0.084	1.30E-09	24	Muscle_Skeletal	0.490718454965555
LTK	-6.321	-0.163	2.61E-10	0.021	0.078	3.65E-06	2	Adipose_Visceral_Omentum	0.851356516165045
LY6G5B	5.324	0.034	1.01E-07	0.257	0.343	3.69E-33	44	Adipose_Subcutaneous	0.0994932535246404
MAN2C1	7.040	0.033	1.92E-12	0.472	0.565	1.85E-67	23	Adipose_Subcutaneous	0.066377040017827
MAN2C1	7.253	0.032	4.07E-13	0.498	0.614	5.77E-65	23	Adipose_Visceral_Omentum	0.066377040017827
MAN2C1	5.754	0.105	8.71E-09	0.036	0.097	8.16E-11	7	Muscle_Skeletal	0.066377040017827
MAN2C1	6.158	0.034	7.36E-10	0.404	0.475	4.40E-28	31	Pancreas	0.066377040017827
MAP3K3	5.539	0.098	3.04E-08	0.028	0.052	1.74E-04	14	Adipose_Visceral_Omentum	0.757148028080834
MAP3K3	5.568	0.098	2.57E-08	0.033	0.086	8.37E-10	21	Muscle_Skeletal	0.757148028080834
MAPKBP1	5.658	0.169	1.53E-08	0.021	0.045	9.66E-06	8	Muscle_Skeletal	0.181902129200089
MARK3	5.417	0.092	6.05E-08	0.038	0.071	7.53E-07	13	Adipose_Subcutaneous	0.361626494429137
MARK3	5.421	0.066	5.91E-08	0.087	0.142	1.80E-07	12	Pancreas	0.361626494429137
MAU2	7.301	0.064	2.86E-13	0.148	0.156	2.24E-17	49	Muscle_Skeletal	0.192215187037305
MED23	5.586	0.101	2.32E-08	0.037	0.059	5.90E-07	18	Muscle_Skeletal	0.342559003164462
MFHAS1	-7.148	-0.073	8.83E-13	0.106	0.143	8.36E-16	26	Muscle_Skeletal	0.992362141629697
MICB	-5.855	-0.029	4.77E-09	0.442	0.185	6.79E-08	98	Liver	0.303355418977144
MST1R	-6.024	-0.111	1.70E-09	0.031	0.065	1.35E-07	19	Muscle_Skeletal	0.762190080542333
MTMR9	-6.154	-0.132	7.56E-10	0.029	0.018	1.57E-02	21	Adipose_Subcutaneous	0.438709483671432
MTMR9	-5.736	-0.142	9.72E-09	0.015	0.046	1.53E-02	3	Liver	0.438709483671432
MTMR9	-5.805	-0.083	6.44E-09	0.062	0.095	1.02E-10	18	Muscle_Skeletal	0.438709483671432
MYO19	-5.359	-0.056	8.37E-08	0.100	0.201	5.08E-15	10	Adipose_Visceral_Omentum	0.257796601730952
MYO5C	6.266	0.079	3.69E-10	0.058	0.086	4.84E-04	7	Liver	0.214650306129808
MYO5C	7.957	0.113	1.76E-15	0.075	0.085	5.65E-05	28	Pancreas	0.214650306129808
NCR3LG1	13.761	0.320	4.40E-43	0.018	0.072	6.57E-07	4	Adipose_Subcutaneous	0.0396338874360979
NCR3LG1	6.284	0.218	3.29E-10	0.009	0.068	1.62E-05	8	Adipose_Visceral_Omentum	0.0396338874360979
NCR3LG1	7.367	0.073	1.75E-13	0.091	0.065	3.78E-03	40	Liver	0.0396338874360979
NDUFAF6	5.232	0.095	1.68E-07	0.032	0.041	2.27E-04	40	Adipose_Subcutaneous	0.102705813581646
NDUFAF6	7.022	0.192	2.18E-12	0.015	0.028	6.59E-03	12	Adipose_Visceral_Omentum	0.102705813581646
NDUFAF6	6.466	0.160	1.00E-10	0.017	0.032	2.33E-04	14	Muscle_Skeletal	0.102705813581646
NEIL1	6.665	0.127	2.65E-11	0.030	0.058	6.87E-05	30	Adipose_Visceral_Omentum	0.407518912523836
NME9	6.319	0.165	2.63E-10	0.017	0.023	1.78E-03	12	Muscle_Skeletal	0.0441222693697941
NMI	5.752	0.087	8.82E-09	0.046	0.015	2.65E-02	30	Adipose_Subcutaneous	0.908097579478077
NMI	5.941	0.076	2.84E-09	0.068	0.102	1.43E-11	16	Muscle_Skeletal	0.908097579478077
NOMO1	-5.421	-0.110	5.92E-08	0.030	0.058	6.69E-03	8	Liver	0.0728627909207421
NOTCH2	8.290	0.267	1.13E-16	0.017	0.033	3.84E-02	22	Liver	4.12491458026358
NOTCH2	8.676	0.072	4.11E-18	0.166	0.152	1.02E-07	75	Pancreas	4.12491458026358
NPC1	6.211	0.037	5.27E-10	0.286	0.371	4.70E-37	22	Adipose_Subcutaneous	0.933177485614412
NPC1	6.284	0.057	3.30E-10	0.131	0.233	8.80E-18	11	Adipose_Visceral_Omentum	0.933177485614412
NPC1	6.310	0.126	2.79E-10	0.025	0.063	1.97E-07	15	Muscle_Skeletal	0.933177485614412
NPC1	6.502	0.085	7.94E-11	0.054	0.148	1.06E-07	12	Pancreas	0.933177485614412
NRAP	7.003	0.077	2.50E-12	0.129	0.032	4.12E-02	43	Liver	0.0932449441450048
NRBP1	6.825	0.087	8.80E-12	0.078	0.138	3.16E-12	28	Adipose_Subcutaneous	0.308424243598076
NRBP1	8.568	0.217	1.06E-17	0.016	0.052	7.50E-03	1	Liver	0.308424243598076
NTAN1	-5.381	-0.080	7.42E-08	0.053	0.122	1.56E-13	12	Muscle_Skeletal	0.0679363241137224
NUCB2	5.497	0.048	3.87E-08	0.116	0.212	2.14E-08	47	Liver	0.264246862327485
NUDT5	5.531	0.182	3.19E-08	0.011	0.043	2.14E-05	6	Muscle_Skeletal	0.1860446585063
NUP160	-6.050	-0.139	1.45E-09	0.020	0.036	1.06E-04	23	Muscle_Skeletal	0.0927935910981913
NUS1	5.878	0.046	4.15E-09	0.209	0.334	8.04E-18	11	Pancreas	0.312224571062931
OIP5	-5.637	-0.115	1.73E-08	0.031	0.042	6.46E-03	12	Pancreas	0.376758623403908
OPRL1	5.790	0.064	7.03E-09	0.091	0.119	3.47E-13	13	Muscle_Skeletal	0.72739186522819
OPRL1	5.423	0.030	5.86E-08	0.394	0.550	4.74E-35	11	Pancreas	0.72739186522819
PABPC4	10.508	0.101	7.91E-26	0.131	0.165	1.27E-14	44	Adipose_Subcutaneous	0.324180865654319
PABPC4	12.678	0.289	7.83E-37	0.021	0.096	1.72E-07	3	Adipose_Visceral_Omentum	0.324180865654319
PABPC4	11.773	0.194	5.35E-32	0.038	0.075	1.14E-08	14	Muscle_Skeletal	0.324180865654319
PAM	-8.982	-0.346	2.66E-19	0.008	0.023	2.23E-03	14	Muscle_Skeletal	1.23521174351276
PCBD1	5.706	0.041	1.16E-08	0.246	0.350	1.74E-20	31	Pancreas	0.326652056964302
PCNT	-6.216	-0.082	5.10E-10	0.066	0.150	9.42E-12	15	Adipose_Visceral_Omentum	0.214134247306684
PDE2A	-7.242	-0.154	4.42E-13	0.019	0.036	1.06E-04	16	Muscle_Skeletal	5.04217539754154
PDIA2	6.468	0.245	9.94E-11	0.010	0.015	1.42E-02	6	Muscle_Skeletal	0.601488102546111
PGAP3	-5.358	-0.131	8.41E-08	0.018	0.019	1.26E-02	18	Adipose_Subcutaneous	0.0407777459947498
PGAP3	-5.466	-0.087	4.60E-08	0.039	0.079	1.48E-06	8	Adipose_Visceral_Omentum	0.0407777459947498
PGAP3	-5.215	-0.049	1.84E-07	0.127	0.282	2.84E-11	15	Liver	0.0407777459947498
PGAP3	-5.366	-0.066	8.03E-08	0.074	0.114	1.18E-12	17	Muscle_Skeletal	0.0407777459947498
PGAP3	-5.610	-0.049	2.02E-08	0.121	0.239	5.32E-12	6	Pancreas	0.0407777459947498
PLA2G4B	-5.834	-0.045	5.42E-09	0.160	0.264	1.89E-24	12	Adipose_Subcutaneous	0.252388575999548
PLA2G4B	-5.882	-0.088	4.06E-09	0.044	0.117	9.04E-09	10	Adipose_Visceral_Omentum	0.252388575999548
PLEKHA1	-5.221	-0.102	1.78E-07	0.030	0.046	1.15E-04	17	Adipose_Subcutaneous	0.732274336262551
PLEKHA1	-5.514	-0.171	3.50E-08	0.016	0.043	1.83E-05	15	Muscle_Skeletal	0.732274336262551
PLEKHA3	-5.337	-0.126	9.44E-08	0.018	0.017	1.78E-02	17	Adipose_Subcutaneous	0.14324091870877
PNMT	-6.231	-0.198	4.64E-10	0.011	0.043	1.84E-05	6	Muscle_Skeletal	0.0701261458196944
POC5	7.475	0.080	7.69E-14	0.082	0.160	2.32E-14	11	Adipose_Subcutaneous	0.0884486435570225
POC5	5.936	0.049	2.93E-09	0.151	0.164	1.40E-12	47	Adipose_Visceral_Omentum	0.0884486435570225
POC5	6.603	0.135	4.02E-11	0.027	0.022	1.94E-03	36	Muscle_Skeletal	0.0884486435570225
POC5	7.287	0.056	3.17E-13	0.151	0.270	9.20E-15	11	Pancreas	0.0884486435570225
POLK	5.313	0.150	1.08E-07	0.021	0.026	3.52E-03	15	Adipose_Subcutaneous	0.304130932645874
POLK	6.864	0.136	6.70E-12	0.029	0.103	1.26E-05	50	Pancreas	0.304130932645874
POLR2J3	-6.726	-0.107	1.75E-11	0.074	0.152	1.60E-13	11	Adipose_Subcutaneous	0.113079931111657
POLR2J3	-5.362	-0.053	8.21E-08	0.196	0.108	3.84E-08	57	Adipose_Visceral_Omentum	0.113079931111657
PPARG	9.011	0.142	2.03E-19	0.048	0.062	6.31E-04	32	Pancreas	12.4573829839094
PPIP5K2	6.329	0.057	2.47E-10	0.131	0.146	6.18E-13	31	Adipose_Subcutaneous	3.9592588749694
PPM1G	8.274	0.211	1.29E-16	0.016	0.043	1.76E-04	12	Adipose_Subcutaneous	0.328592024831547
PPM1G	8.194	0.159	2.54E-16	0.039	0.018	6.26E-03	24	Muscle_Skeletal	0.328592024831547
PRIM1	5.524	0.120	3.32E-08	0.025	0.027	2.64E-03	15	Adipose_Subcutaneous	0.0929297764214164
PRRT1	-7.846	-0.122	4.28E-15	0.050	0.044	1.48E-04	42	Adipose_Subcutaneous	0.320952291380173
PRRT1	-7.816	-0.075	5.44E-15	0.111	0.065	2.64E-05	71	Adipose_Visceral_Omentum	0.320952291380173
PSMC3	-5.925	-0.046	3.13E-09	0.157	0.188	2.35E-07	67	Liver	0.475990690567625
PSMC5	5.923	0.088	3.16E-09	0.054	0.135	2.15E-05	44	Liver	1.13183855411442
RAPSN	7.348	0.144	2.01E-13	0.027	0.048	3.42E-04	23	Adipose_Visceral_Omentum	0.439438976237034
RBL2	-6.420	-0.034	1.37E-10	0.394	0.469	4.19E-50	56	Adipose_Subcutaneous	0.54447470956789
RBL2	-7.447	-0.061	9.57E-14	0.168	0.307	2.13E-24	19	Adipose_Visceral_Omentum	0.54447470956789
RBL2	-6.508	-0.079	7.60E-11	0.077	0.121	5.02E-05	23	Liver	0.54447470956789
RBL2	-7.261	-0.041	3.86E-13	0.360	0.539	4.52E-35	23	Pancreas	0.54447470956789
RBM6	6.199	0.031	5.69E-10	0.422	0.521	2.35E-59	47	Adipose_Subcutaneous	0.0758226773110657
RBM6	6.250	0.034	4.12E-10	0.354	0.452	5.32E-40	42	Adipose_Visceral_Omentum	0.0758226773110657
RBM6	6.162	0.046	7.18E-10	0.196	0.292	2.53E-11	43	Liver	0.0758226773110657
RBM6	6.452	0.049	1.10E-10	0.176	0.263	8.60E-31	36	Muscle_Skeletal	0.0758226773110657
RBM6	6.499	0.036	8.08E-11	0.321	0.466	8.58E-28	36	Pancreas	0.0758226773110657
RCCD1	-7.892	-0.062	2.97E-15	0.219	0.323	1.66E-30	21	Adipose_Subcutaneous	0.0980787844257788
RCCD1	-5.805	-0.064	6.44E-09	0.109	0.187	6.24E-14	24	Adipose_Visceral_Omentum	0.0980787844257788
RCCD1	-6.707	-0.066	1.98E-11	0.153	0.206	1.30E-23	32	Muscle_Skeletal	0.0980787844257788
RFT1	5.494	0.047	3.93E-08	0.150	0.252	7.32E-23	18	Adipose_Subcutaneous	0.0391083665865449
RFT1	5.448	0.039	5.10E-08	0.210	0.324	3.79E-26	18	Adipose_Visceral_Omentum	0.0391083665865449
RFT1	5.828	0.051	5.61E-09	0.149	0.187	9.40E-21	36	Muscle_Skeletal	0.0391083665865449
RGP1	-5.439	-0.169	5.37E-08	0.012	0.016	9.15E-03	12	Muscle_Skeletal	0.156816301068964
RGS11	5.392	0.040	6.97E-08	0.237	0.208	9.59E-24	73	Muscle_Skeletal	0.13703093996846
RGS19	5.560	0.054	2.69E-08	0.102	0.185	8.77E-08	22	Liver	0.235032892284853
RGS19	5.666	0.042	1.47E-08	0.194	0.268	3.17E-31	12	Muscle_Skeletal	0.235032892284853
RGS19	5.209	0.058	1.90E-07	0.097	0.201	3.01E-10	10	Pancreas	0.235032892284853
RNASEH2C	6.811	0.063	9.70E-12	0.120	0.223	3.38E-20	8	Adipose_Subcutaneous	0.0348351152670637
RNASEH2C	7.696	0.061	1.41E-14	0.183	0.155	1.21E-11	49	Adipose_Visceral_Omentum	0.0348351152670637
RNASEH2C	7.915	0.091	2.47E-15	0.082	0.119	3.83E-13	16	Muscle_Skeletal	0.0348351152670637
RNASEH2C	7.329	0.058	2.32E-13	0.183	0.212	2.96E-11	45	Pancreas	0.0348351152670637
RPAP1	6.274	0.047	3.52E-10	0.178	0.271	6.80E-25	14	Adipose_Subcutaneous	0.090085420517369
RPAP1	5.710	0.048	1.13E-08	0.147	0.221	1.26E-16	15	Adipose_Visceral_Omentum	0.090085420517369
RPAP1	5.976	0.051	2.29E-09	0.147	0.220	3.36E-25	14	Muscle_Skeletal	0.090085420517369
RPAP1	7.142	0.078	9.18E-13	0.083	0.124	1.48E-06	7	Pancreas	0.090085420517369
RPL13	5.281	0.056	1.28E-07	0.108	0.184	2.27E-16	15	Adipose_Subcutaneous	0.246044160173969
RPL13	5.280	0.092	1.29E-07	0.037	0.087	9.28E-07	14	Adipose_Visceral_Omentum	0.246044160173969
RPL8	5.210	0.035	1.89E-07	0.261	0.310	6.09E-25	27	Adipose_Visceral_Omentum	0.154573406955766
RPL8	5.654	0.043	1.57E-08	0.209	0.275	1.30E-14	15	Pancreas	0.154573406955766
RTEL1	-6.594	-0.082	4.27E-11	0.062	0.136	4.56E-12	18	Adipose_Subcutaneous	0.22357911205017
SAE1	6.875	0.248	6.19E-12	0.009	0.037	1.76E-03	11	Adipose_Visceral_Omentum	0.289779711627828
SCN2A	-7.025	-0.112	2.14E-12	0.043	0.095	1.68E-07	17	Adipose_Visceral_Omentum	0.523065517528439
SCRN2	5.398	0.030	6.74E-08	0.302	0.396	4.55E-41	33	Adipose_Subcutaneous	0.0825149389627493
SCRN2	5.373	0.039	7.74E-08	0.170	0.261	7.64E-20	16	Adipose_Visceral_Omentum	0.0825149389627493
SCRN2	6.054	0.043	1.41E-09	0.204	0.319	2.35E-38	24	Muscle_Skeletal	0.0825149389627493
SEC16A	-6.338	-0.086	2.33E-10	0.074	0.175	1.05E-06	15	Liver	0.975063989141223
SEC16A	-6.569	-0.038	5.08E-11	0.247	0.303	5.31E-16	26	Pancreas	0.975063989141223
SGCB	5.390	0.160	7.06E-08	0.016	0.015	1.35E-02	13	Muscle_Skeletal	0.802253411560946
SIPA1	-6.512	-0.098	7.40E-11	0.055	0.048	7.32E-05	45	Adipose_Subcutaneous	0.467743924499048
SLC12A8	6.810	0.040	9.74E-12	0.347	0.438	4.12E-19	65	Liver	0.111952130361478
SLC12A8	7.485	0.088	7.17E-14	0.082	0.135	6.04E-07	16	Pancreas	0.111952130361478
SLC22A3	5.921	0.073	3.19E-09	0.075	0.108	1.87E-04	54	Liver	0.127541599557441
SLC25A45	-5.247	-0.261	1.54E-07	0.005	0.032	2.69E-04	2	Muscle_Skeletal	0.0653095167805094
SLC26A5	-5.449	-0.129	5.08E-08	0.026	0.031	4.04E-03	13	Adipose_Visceral_Omentum	0.635821673174558
SLC39A13	-5.339	-0.158	9.33E-08	0.011	0.045	1.27E-04	13	Adipose_Subcutaneous	0.456196337259944
SLC5A6	5.541	0.119	3.01E-08	0.025	0.013	2.29E-02	17	Muscle_Skeletal	0.301910717594526
SMCO4	-6.465	-0.143	1.01E-10	0.021	0.045	1.50E-05	7	Muscle_Skeletal	0.0382019087761754
SMCO4	-7.643	-0.102	2.13E-14	0.066	0.037	1.12E-02	21	Pancreas	0.0382019087761754
SMIM19	-5.613	-0.050	1.99E-08	0.127	0.119	1.21E-06	39	Pancreas	0.0237709432736615
SNF8	-6.490	-0.257	8.60E-11	0.006	0.011	3.61E-02	6	Muscle_Skeletal	2.81234984851976
SNRPD2	6.106	0.060	1.02E-09	0.107	0.187	1.22E-17	15	Adipose_Subcutaneous	0.174477451227359
SNRPD2	6.235	0.133	4.53E-10	0.023	0.107	3.85E-08	1	Adipose_Visceral_Omentum	0.174477451227359
SNUPN	6.778	0.110	1.22E-11	0.046	0.074	1.63E-08	18	Muscle_Skeletal	0.135299474636316
SNX11	-5.458	-0.162	4.82E-08	0.014	0.072	2.03E-03	14	Liver	0.0563345077682639
SNX17	7.110	0.047	1.16E-12	0.337	0.434	7.75E-58	44	Muscle_Skeletal	0.959682108676545
SNX32	-5.702	-0.037	1.18E-08	0.250	0.362	1.47E-35	19	Adipose_Subcutaneous	0.0522350229953267
SNX32	-5.906	-0.033	3.51E-09	0.357	0.443	7.76E-40	20	Adipose_Visceral_Omentum	0.0522350229953267
SNX32	-6.505	-0.046	7.75E-11	0.191	0.054	9.17E-03	36	Liver	0.0522350229953267
SNX32	-5.334	-0.063	9.59E-08	0.076	0.126	4.11E-14	18	Muscle_Skeletal	0.0522350229953267
SNX32	-6.706	-0.054	2.00E-11	0.197	0.250	1.23E-13	19	Pancreas	0.0522350229953267
SOX7	-6.799	-0.158	1.05E-11	0.021	0.038	8.16E-03	16	Pancreas	0.801275744797466
SPPL3	5.839	0.076	5.25E-09	0.087	0.118	1.27E-10	28	Adipose_Subcutaneous	0.483934821494487
SPPL3	5.964	0.095	2.46E-09	0.066	0.098	1.01E-07	11	Adipose_Visceral_Omentum	0.483934821494487
SPPL3	5.294	0.097	1.20E-07	0.045	0.068	4.86E-04	19	Pancreas	0.483934821494487
SRGAP2	-6.422	-0.080	1.34E-10	0.086	0.175	8.70E-09	16	Pancreas	0.551144503233493
ST6GAL1	-9.380	-0.094	6.62E-21	0.102	0.181	3.67E-09	17	Pancreas	0.182712750084881
STARD10	-6.286	-0.073	3.25E-10	0.080	0.119	3.48E-09	23	Adipose_Visceral_Omentum	0.116889584551148
STARD10	-6.485	-0.078	8.88E-11	0.075	0.117	6.65E-13	9	Muscle_Skeletal	0.116889584551148
SV2A	-5.847	-0.123	5.02E-09	0.020	0.056	1.34E-05	5	Adipose_Subcutaneous	0.294007011616969
SYCE2	-8.489	-0.114	2.08E-17	0.065	0.116	8.23E-05	12	Liver	0.0690828969777875
TCF19	-5.342	-0.095	9.19E-08	0.033	0.055	1.13E-04	13	Adipose_Visceral_Omentum	0.07215004986531
TH	10.312	0.195	6.25E-25	0.030	0.062	6.51E-04	14	Pancreas	2.53843328138885
THADA	-15.447	-0.668	7.86E-54	0.006	0.015	2.56E-02	11	Adipose_Subcutaneous	0.401172112735226
THBS3	-5.662	-0.089	1.50E-08	0.057	0.110	7.86E-05	12	Liver	0.202222561888912
TIMP4	-6.394	-0.138	1.62E-10	0.018	0.020	1.18E-02	12	Adipose_Subcutaneous	0.726860662893656
TM4SF4	5.467	0.061	4.59E-08	0.103	0.164	7.26E-09	24	Pancreas	0.214247133749851
TM6SF2	-5.747	-0.126	9.09E-09	0.025	0.050	1.52E-04	11	Adipose_Visceral_Omentum	0.41962915332263
TNFAIP6	6.424	0.120	1.33E-10	0.031	0.051	3.86E-06	25	Muscle_Skeletal	0.42905913969141
TNFRSF6B	-6.978	-0.146	3.00E-12	0.023	0.065	2.72E-03	12	Liver	0.147381779582866
TOM1L2	6.572	0.072	4.97E-11	0.088	0.145	3.10E-13	30	Adipose_Subcutaneous	0.190916098015232
TOM1L2	6.464	0.059	1.02E-10	0.128	0.202	5.90E-15	20	Adipose_Visceral_Omentum	0.190916098015232
TOM1L2	6.495	0.044	8.31E-11	0.223	0.232	1.92E-26	49	Muscle_Skeletal	0.190916098015232
TSEN2	-5.979	-0.088	2.24E-09	0.049	0.037	4.32E-04	31	Adipose_Subcutaneous	0.35433523750372
TSPAN8	-6.756	-0.080	1.42E-11	0.108	0.186	4.01E-07	36	Liver	0.180230087868499
TTLL6	7.257	0.129	3.95E-13	0.041	0.034	7.79E-04	21	Adipose_Subcutaneous	0.199160767331135
TTLL6	9.898	0.291	4.25E-23	0.013	0.042	7.25E-04	8	Adipose_Visceral_Omentum	0.199160767331135
TUBG2	6.391	0.054	1.64E-10	0.162	0.224	4.97E-20	37	Adipose_Subcutaneous	0.252825499889108
TUBG2	5.619	0.055	1.92E-08	0.131	0.174	9.93E-14	38	Adipose_Visceral_Omentum	0.252825499889108
TUBG2	7.016	0.082	2.28E-12	0.117	0.118	1.28E-13	29	Muscle_Skeletal	0.252825499889108
TUFM	-5.257	-0.049	1.47E-07	0.135	0.149	2.15E-13	35	Adipose_Subcutaneous	0.170782055759748
UBE2D3	-7.518	-0.181	5.56E-14	0.029	0.051	3.25E-06	15	Muscle_Skeletal	0.727485640185152
UBE2D3	-6.642	-0.060	3.10E-11	0.175	0.201	3.42E-10	43	Pancreas	0.727485640185152
UBE2Q2	-5.726	-0.069	1.03E-08	0.083	0.077	7.46E-09	34	Muscle_Skeletal	0.151808694175523
UBE2Z	7.289	0.158	3.12E-13	0.027	0.017	1.96E-02	42	Adipose_Subcutaneous	0.259870073319465
UBE2Z	-9.177	-0.120	4.43E-20	0.062	0.118	5.10E-13	25	Muscle_Skeletal	0.259870073319465
UNC45A	-5.470	-0.071	4.50E-08	0.066	0.045	1.21E-05	46	Muscle_Skeletal	0.16902543438476
USP36	5.433	0.048	5.53E-08	0.138	0.238	2.23E-12	24	Pancreas	0.529937404595713
VDAC2	5.554	0.075	2.79E-08	0.056	0.092	3.69E-07	11	Adipose_Visceral_Omentum	0.365107196655319
VDAC2	5.669	0.059	1.43E-08	0.109	0.198	6.58E-10	25	Pancreas	0.365107196655319
VPS33B	-6.580	-0.159	4.69E-11	0.020	0.049	5.12E-06	9	Muscle_Skeletal	0.312104483307057
WBP4	-5.245	-0.038	1.56E-07	0.222	0.349	2.28E-43	9	Muscle_Skeletal	0.180740428916717
WFS1	-18.028	-0.508	1.17E-72	0.013	0.017	1.49E-02	21	Adipose_Subcutaneous	1.55588562045352
WFS1	-17.659	-0.620	8.66E-70	0.008	0.020	2.19E-02	3	Adipose_Visceral_Omentum	1.55588562045352
WFS1	-15.967	-0.262	2.16E-57	0.044	0.090	4.07E-10	8	Muscle_Skeletal	1.55588562045352
WIF1	-6.290	-0.138	3.17E-10	0.020	0.040	3.43E-04	17	Adipose_Subcutaneous	0.305514524443999
WNT3	-5.403	-0.055	6.55E-08	0.151	0.229	1.74E-20	23	Adipose_Subcutaneous	1.60576567784552
WNT3	-5.686	-0.045	1.30E-08	0.227	0.279	2.03E-21	32	Adipose_Visceral_Omentum	1.60576567784552
YBEY	5.322	0.032	1.03E-07	0.321	0.411	5.58E-42	35	Adipose_Subcutaneous	0.0938292736474471
YBEY	5.291	0.010	1.22E-07	0.531	0.558	1.23E-55	67	Adipose_Visceral_Omentum	0.0938292736474471
YBEY	5.234	0.034	1.66E-07	0.284	0.422	1.51E-18	17	Liver	0.0938292736474471
YBEY	5.524	0.032	3.32E-08	0.341	0.470	2.06E-28	45	Pancreas	0.0938292736474471
YEATS2	-5.240	-0.106	1.60E-07	0.026	0.033	1.08E-03	25	Adipose_Subcutaneous	0.17594656455981
YPEL3	-5.780	-0.030	7.46E-09	0.380	0.451	4.19E-48	24	Adipose_Subcutaneous	0.101725962167169
YPEL3	-5.563	-0.055	2.65E-08	0.123	0.233	9.20E-18	5	Adipose_Visceral_Omentum	0.101725962167169
YPEL3	-6.361	-0.109	2.00E-10	0.041	0.039	2.37E-02	12	Liver	0.101725962167169
YPEL3	-5.703	-0.170	1.18E-08	0.015	0.040	3.91E-05	9	Muscle_Skeletal	0.101725962167169
YPEL3	-5.638	-0.055	1.72E-08	0.136	0.196	4.09E-10	9	Pancreas	0.101725962167169
ZBTB20	-5.209	-0.137	1.90E-07	0.017	0.055	2.16E-05	15	Adipose_Subcutaneous	0.818740996868955
ZBTB38	5.229	0.090	1.70E-07	0.037	0.095	1.43E-08	12	Adipose_Subcutaneous	0.492364143124111
ZDHHC6	9.920	0.127	3.40E-23	0.096	0.013	4.17E-02	77	Adipose_Subcutaneous	0.0953554417355884
ZFP36L2	-10.822	-0.366	2.71E-27	0.010	0.016	2.36E-02	10	Adipose_Subcutaneous	0.849704011234777
ZFP36L2	-9.521	-0.299	1.72E-21	0.011	0.013	2.07E-02	8	Muscle_Skeletal	0.849704011234777
ZNF10	7.115	0.063	1.12E-12	0.138	0.221	3.90E-20	15	Adipose_Subcutaneous	0.257600543724623
ZNF10	6.721	0.109	1.80E-11	0.043	0.099	1.78E-05	9	Pancreas	0.257600543724623
ZNF268	5.679	0.087	1.36E-08	0.045	0.073	2.03E-08	10	Muscle_Skeletal	0.872269345025954
ZNF513	8.053	1.020	8.09E-16	0.001	0.015	1.33E-02	1	Muscle_Skeletal	0.239821024351101
ZNF664	5.411	0.102	6.28E-08	0.031	0.068	2.06E-06	10	Adipose_Subcutaneous	0.201653846098758
ZNF664	5.578	0.200	2.44E-08	0.008	0.064	1.88E-05	2	Adipose_Visceral_Omentum	0.201653846098758
ZNF7	7.496	0.140	6.59E-14	0.031	0.026	3.18E-02	7	Pancreas	0.209426105386806
ZNF84	-6.600	-0.120	4.13E-11	0.035	0.031	2.10E-02	11	Pancreas	0.18305567022564
ZNF891	6.742	0.195	1.56E-11	0.013	0.020	3.42E-03	8	Muscle_Skeletal	0.210628060720414
ZZEF1	-5.604	-0.079	2.09E-08	0.052	0.017	3.68E-02	46	Adipose_Visceral_Omentum	0.0451949668969315
ZZEF1	-10.710	-0.163	9.14E-27	0.045	0.090	3.26E-10	19	Muscle_Skeletal	0.0451949668969315
